Z=1
n1=4
n2=2

En=(2.18*10^-18)*(Z^2)*abs(1/(n1^2)-1/n2^2)

h=6.626*10^-34
c=3*10^8
lamb=(h*c)/En
lambnm=lamb/10^-9

% lamb1=92.27*10^-9
% lamb2=383.4*10^-9
% dEn=((h*c)/lamb1)-((h*c)/lamb2)
% n1=1
% n2=(2.18*10^-18)
